1 0.038461538461538436 0 0.07692307692307687 0.038461538461538436 0.23076923076923073 0.07692307692307687 0.23076923076923073 0.038461538461538436 0.038461538461538436 
0.038461538461538436 1 0.1923076923076923 0 0.038461538461538436 0.038461538461538436 0.07692307692307687 0 0.15384615384615385 0.23076923076923073 
0 0.1923076923076923 1 0.038461538461538436 0 0.11538461538461542 0.07692307692307687 0 0.2692307692307693 0.038461538461538436 
0.07692307692307687 0 0.038461538461538436 1 0 0.1923076923076923 0.07692307692307687 0.038461538461538436 0 0.15384615384615385 
0.038461538461538436 0.038461538461538436 0 0 1 0.038461538461538436 0 0.23076923076923073 0.07692307692307687 0.038461538461538436 
0.23076923076923073 0.038461538461538436 0.11538461538461542 0.1923076923076923 0.038461538461538436 1 0.038461538461538436 0.1923076923076923 0.038461538461538436 0 
0.07692307692307687 0.07692307692307687 0.07692307692307687 0.07692307692307687 0 0.038461538461538436 1 0.038461538461538436 0.038461538461538436 0.11538461538461542 
0.23076923076923073 0 0 0.038461538461538436 0.23076923076923073 0.1923076923076923 0.038461538461538436 1 0.038461538461538436 0 
0.038461538461538436 0.15384615384615385 0.2692307692307693 0 0.07692307692307687 0.038461538461538436 0.038461538461538436 0.038461538461538436 1 0.23076923076923073 
0.038461538461538436 0.23076923076923073 0.038461538461538436 0.15384615384615385 0.038461538461538436 0 0.11538461538461542 0 0.23076923076923073 1 
